Material: 80 µm 49.4%/vol in epoxy, ~3.0 g/cc
================================================================================

 Frequency_GHz  eps1_real  eps1_imag  eps1_magnitude  eps1_phase_deg  eps2_real  eps2_imag  eps2_magnitude  eps2_phase_deg  chi_m_real   chi_m_imag  mu_real      mu_imag  eps1_loss_tangent  eps2_loss_tangent
      0.001000  11.354276  -0.499393       11.365253       -2.518404  65.210936 -49.006144       81.572473      -36.924932    6.180057 4.728868e-07 7.180057 4.728868e-07           0.043983           0.751502
      0.001097  11.192072  -0.462754       11.201634       -2.367636  60.553916 -44.296040       75.026102      -36.185994    6.180068 6.251220e-07 7.180068 6.251220e-07           0.041347           0.731514
      0.001205  11.033201  -0.427333       11.041474       -2.218046  56.250899 -40.024208       69.036953      -35.432996    6.180082 8.263640e-07 7.180082 8.263640e-07           0.038732           0.711530
      0.001322  10.877598  -0.393095       10.884699       -2.069657  52.275658 -36.150543       63.557896      -34.665286    6.180099 1.092388e-06 7.180099 1.092388e-06           0.036138           0.691537
      0.001451  10.725195  -0.360006       10.731235       -1.922491  48.603845 -32.638557       58.545787      -33.882234    6.180119 1.444046e-06 7.180119 1.444046e-06           0.033566           0.671522
      0.001592  10.575928  -0.328033       10.581014       -1.776569  45.212862 -29.455057       53.961128      -33.083245    6.180144 1.908902e-06 7.180144 1.908902e-06           0.031017           0.651475
      0.001748  10.429734  -0.297143       10.433966       -1.631913  42.081742 -26.569853       49.767762      -32.267771    6.180173 2.523390e-06 7.180173 2.523390e-06           0.028490           0.631387
      0.001918  10.286549  -0.267305       10.290022       -1.488544  39.191032 -23.955488       45.932585      -31.435327    6.180209 3.335666e-06 7.180209 3.335666e-06           0.025986           0.611249
      0.002105  10.146315  -0.238488       10.149117       -1.346481  36.522695 -21.586992       42.425293      -30.585505    6.180251 4.409385e-06 7.180251 4.409385e-06           0.023505           0.591057
      0.002310  10.008969  -0.210662       10.011186       -1.205745  34.060006 -19.441666       39.218138      -29.717996    6.180303 5.828678e-06 7.180303 5.828678e-06           0.021047           0.570806
      0.002535   9.874455  -0.183799        9.876165       -1.066356  31.787462 -17.498869       36.285716      -28.832606    6.180365 7.704740e-06 7.180365 7.704740e-06           0.018614           0.550496
      0.002783   9.742714  -0.157870        9.743993       -0.928331  29.690699 -15.739845       33.604766      -27.929276    6.180439 1.018453e-05 7.180439 1.018453e-05           0.016204           0.530127
      0.003054   9.613691  -0.132847        9.614609       -0.791691  27.756405 -14.147542       31.153988      -27.008106    6.180529 1.346226e-05 7.180529 1.346226e-05           0.013818           0.509704
      0.003352   9.487330  -0.108703        9.487953       -0.656451  25.972252 -12.706467       28.913875      -26.069378    6.180637 1.779458e-05 7.180637 1.779458e-05           0.011458           0.489232
      0.003678   9.363577  -0.085413        9.363966       -0.522630  24.326824 -11.402543       26.866565      -25.113570    6.180767 2.352063e-05 7.180767 2.352063e-05           0.009122           0.468723
      0.004037   9.242378  -0.062951        9.242593       -0.390243  22.809548 -10.222982       24.995697      -24.141383    6.180924 3.108850e-05 7.180924 3.108850e-05           0.006811           0.448189
      0.004431   9.123683  -0.041292        9.123776       -0.259308  21.410642  -9.156166       23.286283      -23.153758    6.181113 4.109018e-05 7.181113 4.109018e-05           0.004526           0.427646
      0.004863   9.007439  -0.020412        9.007463       -0.129838  20.121049  -8.191545       21.724595      -22.151888    6.181340 5.430767e-05 7.181340 5.430767e-05           0.002266           0.407113
      0.005337   8.893598  -0.000287        8.893598       -0.001847  18.932390  -7.319538       20.298055      -21.137230    6.181613 7.177384e-05 7.181613 7.177384e-05           0.000032           0.386615
      0.005857   8.782109   0.019106        8.782130        0.124651  17.836915  -6.531448       18.995140      -20.111512    6.181943 9.485261e-05 7.181943 9.485261e-05           0.002176           0.366176
      0.006428   8.672925   0.037789        8.673008        0.249643  16.827454  -5.819377       17.805290      -19.076734    6.182339 1.253447e-04 7.182339 1.253447e-04           0.004357           0.345826
      0.007055   8.565999   0.055784        8.566181        0.373119  15.897379  -5.176158       16.718829      -18.035155    6.182816 1.656270e-04 7.182816 1.656270e-04           0.006512           0.325598
      0.007743   8.461284   0.073112        8.461600        0.495068  15.040559  -4.595285       15.726890      -16.989286    6.183390 2.188356e-04 7.183390 2.188356e-04           0.008641           0.305526
      0.008498   8.358736   0.089795        8.359218        0.615482  14.251330  -4.070858       14.821346      -15.941861    6.184080 2.891073e-04 7.184080 2.891073e-04           0.010743           0.285648
      0.009326   8.258309   0.105851        8.258987        0.734351  13.524456  -3.597519       13.994751      -14.895806    6.184910 3.818958e-04 7.184910 3.818958e-04           0.012818           0.266001
      0.010235   8.159960   0.121302        8.160861        0.851669  12.855099  -3.170413       13.240282      -13.854205    6.185908 5.043874e-04 7.185908 5.043874e-04           0.014866           0.246627
      0.011233   8.063646   0.136167        8.064795        0.967432  12.238788  -2.785134       12.551689      -12.820250    6.187107 6.660452e-04 7.187107 6.660452e-04           0.016886           0.227566
      0.012328   7.969325   0.150463        7.970745        1.081634  11.671396  -2.437685       11.923245      -11.797194    6.188547 8.793204e-04 7.188547 8.793204e-04           0.018880           0.208860
      0.013530   7.876956   0.164211        7.878668        1.194273  11.149109  -2.124445       11.349709      -10.788292    6.190276 1.160580e-03 7.190276 1.160580e-03           0.020847           0.190548
      0.014850   7.786499   0.177428        7.788521        1.305349  10.668407  -1.842130       10.826280       -9.796745    6.192349 1.531316e-03 7.192349 1.531316e-03           0.022787           0.172671
      0.016298   7.697914   0.190131        7.700262        1.414862  10.226040  -1.587762       10.348569       -8.825646    6.194835 2.019705e-03 7.194835 2.019705e-03           0.024699           0.155267
      0.017886   7.611162   0.202338        7.613851        1.522815   9.819008  -1.358644        9.912559       -7.877924    6.197811 2.662636e-03 7.197811 2.662636e-03           0.026584           0.138369
      0.019630   7.526204   0.214066        7.529248        1.629212   9.444543  -1.152331        9.514581       -6.956290    6.201370 3.508298e-03 7.201370 3.508298e-03           0.028443           0.122010
      0.021544   7.443004   0.225332        7.446414        1.734061   9.100089  -0.966608        9.151282       -6.063198    6.205621 4.619503e-03 7.205621 4.619503e-03           0.030274           0.106220
      0.023645   7.361524   0.236151        7.365310        1.837369   8.783292  -0.799467        8.819601       -5.200805    6.210687 6.077876e-03 7.210687 6.077876e-03           0.032079           0.091021
      0.025950   7.281727   0.246541        7.285900        1.939148   8.491978  -0.649090        8.516748       -4.370943    6.216715 7.989142e-03 7.216715 7.989142e-03           0.033857           0.076436
      0.028480   7.203580   0.256516        7.208145        2.039413   8.224141  -0.513831        8.240177       -3.575097    6.223868 1.048967e-02 7.223868 1.048967e-02           0.035610           0.062478
      0.031257   7.127045   0.266093        7.132011        2.138179   7.977935  -0.392196        7.987569       -2.814401    6.232331 1.375450e-02 7.232331 1.375450e-02           0.037336           0.049160
      0.034305   7.052089   0.275286        7.057460        2.235467   7.751656  -0.282835        7.756814       -2.089628    6.242309 1.800699e-02 7.242309 1.800699e-02           0.039036           0.036487
      0.037649   6.978679   0.284111        6.984460        2.331299   7.543734  -0.184523        7.545991       -1.401203    6.254022 2.353019e-02 7.254022 2.353019e-02           0.040711           0.024460
      0.041320   6.906780   0.292584        6.912974        2.425702   7.352723  -0.096151        7.353352       -0.749213    6.267702 3.067981e-02 7.267702 3.067981e-02           0.042362           0.013077
      0.045349   6.836359   0.300718        6.842970        2.518705   7.177291  -0.016714        7.177310       -0.133428    6.283584 3.989848e-02 7.283584 3.989848e-02           0.043988           0.002329
      0.049770   6.767385   0.308529        6.774414        2.610343   7.016210   0.054699        7.016423        0.446677    6.301890 5.173061e-02 7.301890 5.173061e-02           0.045591           0.007796
      0.054623   6.699825   0.316033        6.707275        2.700655   6.868350   0.118916        6.869380        0.991894    6.322809 6.683653e-02 7.322809 6.683653e-02           0.047170           0.017314
      0.059948   6.633648   0.323242        6.641519        2.789684   6.732673   0.176684        6.734991        1.503251    6.346475 8.600425e-02 7.346475 8.600425e-02           0.048728           0.026243
      0.065793   6.568823   0.330174        6.577116        2.877479   6.608219   0.228684        6.612175        1.981985    6.372927 1.101562e-01 7.372927 1.101562e-01           0.050264           0.034606
      0.072208   6.505319   0.336841        6.514033        2.964093   6.494110   0.275534        6.499952        2.429509    6.402072 1.403479e-01 7.402072 1.403479e-01           0.051779           0.042428
      0.079248   6.443104   0.343261        6.452242        3.049589   6.389535   0.317798        6.397433        2.847387    6.433640 1.777554e-01 7.433640 1.777554e-01           0.053276           0.049737
      0.086975   6.382151   0.349447        6.391710        3.134033   6.293750   0.355986        6.303809        3.237302    6.467135 2.236483e-01 7.467135 2.236483e-01           0.054754           0.056562
      0.095455   6.322427   0.355416        6.332409        3.217500   6.206071   0.390566        6.218348        3.601037    6.501795 2.793467e-01 7.501795 2.793467e-01           0.056215           0.062933
      0.104762   6.263904   0.361182        6.274308        3.300074   6.125869   0.421965        6.140385        3.940450    6.536553 3.461617e-01 7.536553 3.461617e-01           0.057661           0.068882
      0.114976   6.206551   0.366764        6.217378        3.381845   6.052568   0.450575        6.069316        4.257456    6.570023 4.253228e-01 7.570023 4.253228e-01           0.059093           0.074444
      0.126186   6.150340   0.372176        6.161590        3.462917   5.985637   0.476758        6.004594        4.554010    6.600498 5.178983e-01 7.600498 5.178983e-01           0.060513           0.079650
      0.138489   6.095241   0.377435        6.106916        3.543401   5.924591   0.500845        5.945723        4.832099    6.625979 6.247149e-01 7.625979 6.247149e-01           0.061923           0.084537
      0.151991   6.041224   0.382561        6.053325        3.623421   5.868984   0.523145        5.892254        5.093729    6.644218 7.462866e-01 7.644218 7.462866e-01           0.063325           0.089137
      0.166810   5.988260   0.387570        6.000789        3.703115   5.818407   0.543949        5.843778        5.340919    6.652777 8.827581e-01 7.652777 8.827581e-01           0.064722           0.093488
      0.183074   5.936320   0.392483        5.949280        3.782635   5.772487   0.563526        5.799928        5.575704    6.649105 1.033866e+00 7.649105 1.033866e+00           0.066116           0.097623
      0.200923   5.885373   0.397318        5.898769        3.862147   5.730878   0.582134        5.760369        5.800127    6.630601 1.198917e+00 7.630601 1.198917e+00           0.067509           0.101579
      0.220513   5.835389   0.402098        5.849226        3.941835   5.693268   0.600020        5.724799        6.016254    6.594679 1.376776e+00 7.594679 1.376776e+00           0.068907           0.105391
      0.242013   5.786338   0.406843        5.800623        4.021904   5.659367   0.617420        5.692947        6.226170    6.538833 1.565857e+00 7.538833 1.565857e+00           0.070311           0.109097
      0.265609   5.738188   0.411578        5.752930        4.102578   5.628910   0.634566        5.664566        6.431995    6.460689 1.764113e+00 7.460689 1.764113e+00           0.071726           0.112733
      0.291505   5.690909   0.416327        5.706117        4.184105   5.601654   0.651690        5.639435        6.635898    6.358075 1.969022e+00 7.358075 1.969022e+00           0.073157           0.116339
      0.319927   5.644467   0.421116        5.660154        4.266759   5.577373   0.669022        5.617355        6.840111    6.229103 2.177567e+00 7.229103 2.177567e+00           0.074607           0.119953
      0.351119   5.598829   0.425975        5.615010        4.350842   5.555858   0.686795        5.598147        7.046949    6.072276 2.386229e+00 7.072276 2.386229e+00           0.076083           0.123616
      0.385353   5.553962   0.430932        5.570655        4.436688   5.536914   0.705252        5.581648        7.258839    5.886625 2.591003e+00 6.886625 2.591003e+00           0.077590           0.127373
      0.422924   5.509829   0.436020        5.527054        4.524666   5.520354   0.724646        5.567713        7.478343    5.671866 2.787450e+00 6.671866 2.787450e+00           0.079135           0.131268
      0.464159   5.466393   0.441274        5.484175        4.615183   5.506001   0.745243        5.556207        7.708198    5.428568 2.970818e+00 6.428568 2.970818e+00           0.080725           0.135351
      0.509414   5.423617   0.446731        5.441984        4.708691   5.493678   0.767330        5.547007        7.951351    5.158304 3.136225e+00 6.158304 3.136225e+00           0.082368           0.139675
      0.559081   5.381458   0.452432        5.400443        4.805689   5.483206   0.791218        5.539998        8.211010    4.863748 3.278913e+00 5.863748 3.278913e+00           0.084072           0.144298
      0.613591   5.339875   0.458420        5.359516        4.906728   5.474399   0.817245        5.535064        8.490695    4.548700 3.394560e+00 5.548700 3.394560e+00           0.085849           0.149285
      0.673415   5.298822   0.464744        5.319163        5.012419   5.467052   0.845788        5.532090        8.794305    4.217993 3.479606e+00 5.217993 3.479606e+00           0.087707           0.154706
      0.739072   5.258249   0.471455        5.279342        5.123441   5.460937   0.877261        5.530951        9.126192    3.877285 3.531561e+00 4.877285 3.531561e+00           0.089660           0.160643
      0.811131   5.218105   0.478608        5.240009        5.240542   5.455782   0.912127        5.531504        9.491239    3.532745 3.549235e+00 4.532745 3.549235e+00           0.091721           0.167185
      0.890215   5.178334   0.486265        5.201115        5.364555   5.451262   0.950904        5.533578        9.894965    3.190663 3.532851e+00 4.190663 3.532851e+00           0.093904           0.174437
      0.977010   5.138872   0.494492        5.162609        5.496403   5.446972   0.994167        5.536955       10.343619    2.857044 3.484017e+00 3.857044 3.484017e+00           0.096226           0.182517
      1.072267   5.099654   0.503360        5.124436        5.637108   5.442395   1.042554        5.541352       10.844300    2.537235 3.405570e+00 3.537235 3.405570e+00           0.098705           0.191562
      1.176812   5.060605   0.512949        5.086536        5.787806   5.436871   1.096765        5.546392       11.405059    2.235636 3.301297e+00 3.235636 3.301297e+00           0.101361           0.201727
      1.291550   5.021643   0.523344        5.048840        5.949755   5.429541   1.157551        5.551562       12.034991    1.955536 3.175612e+00 2.955536 3.175612e+00           0.104218           0.213195
      1.417474   4.982675   0.534637        5.011276        6.124354   5.419287   1.225691        5.556167       12.744279    1.699060 3.033201e+00 2.699060 3.033201e+00           0.107299           0.226172
      1.555676   4.943599   0.546927        4.973761        6.313149   5.404653   1.301947        5.559258       13.544140    1.467230 2.878719e+00 2.467230 2.878719e+00           0.110633           0.240894
      1.707353   4.904297   0.560322        4.936202        6.517855   5.383759   1.386982        5.559549       14.446594    1.260105 2.716529e+00 2.260105 2.716529e+00           0.114251           0.257623
      1.873817   4.864636   0.574939        4.898494        6.740369   5.354203   1.481223        5.555313       15.463930    1.076966 2.550532e+00 2.076966 2.550532e+00           0.118187           0.276647
      2.056512   4.824464   0.590898        4.860516        6.982782   5.312983   1.584644        5.544266       16.607671    0.916512 2.384066e+00 1.916512 2.384066e+00           0.122480           0.298259
      2.257020   4.783604   0.608330        4.822129        7.247395   5.256481   1.696456        5.523455       17.886765    0.777059 2.219864e+00 1.777059 2.219864e+00           0.127170           0.322736
      2.477076   4.741852   0.627369        4.783174        7.536728   5.180556   1.814681        5.489192       19.304688    0.656700 2.060075e+00 1.656700 2.060075e+00           0.132305           0.350287
      2.718588   4.698971   0.648151        4.743462        7.853523   5.080891   1.935644        5.437111       20.855117    0.553444 1.906306e+00 1.553444 1.906306e+00           0.137935           0.380966
      2.983647   4.654685   0.670811        4.702774        8.200738   4.953676   2.053511        5.362445       22.516104    0.465317 1.759693e+00 1.465317 1.759693e+00           0.144115           0.414543
      3.274549   4.608669   0.695476        4.660849        8.581526   4.796732   2.160093        5.260669       24.243275    0.390432 1.620968e+00 1.390432 1.620968e+00           0.150906           0.450326
      3.593814   4.560544   0.722253        4.617382        8.999192   4.610956   2.245305        5.128577       25.963769    0.327037 1.490542e+00 1.327037 1.490542e+00           0.158370           0.486950
      3.944206   4.509869   0.751223        4.572008        9.457109   4.401656   2.298606        4.965699       27.574182    0.273539 1.368564e+00 1.273539 1.368564e+00           0.166573           0.522214
      4.328761   4.456131   0.782416        4.524299        9.958594   4.179024   2.311404        4.775650       28.946837    0.228513 1.254989e+00 1.228513 1.254989e+00           0.175582           0.553097
      4.750810   4.398741   0.815790        4.473750       10.506699   3.956978   2.279742        4.566716       29.947632    0.190703 1.149623e+00 1.190703 1.149623e+00           0.185460           0.576132
      5.214008   4.337030   0.851200        4.419771       11.103923   3.750372   2.205988        4.351054       30.464256    0.159012 1.052170e+00 1.159012 1.052170e+00           0.196263           0.588205
      5.722368   4.270259   0.888353        4.361684       11.751777   3.571561   2.098509        4.142437       30.436830    0.132492 9.622636e-01 1.132492 9.622636e-01           0.208033           0.587561
      6.280291   4.197634   0.926766        4.298723       12.450195   3.427878   1.969394        3.953335       29.878345    0.110328 8.794938e-01 1.110328 8.794938e-01           0.220783           0.574523
      6.892612   4.118346   0.965702        4.230054       13.196744   3.321014   1.831365        3.792497       28.874438    0.091826 8.034272e-01 1.091826 8.034272e-01           0.234488           0.551448
      7.564633   4.031639   1.004126        4.154802       13.985624   3.248102   1.695286        3.663900       27.561461    0.076394 7.336223e-01 1.076394 7.336223e-01           0.249062           0.521931
      8.302176   3.936907   1.040652        4.072124       14.806480   3.203604   1.568923        3.567155       26.092687    0.063534 6.696409e-01 1.063534 6.696409e-01           0.264332           0.489737
      9.111628   3.833832   1.073536        3.981300       15.643125   3.181074   1.456880        3.498818       24.607005    0.052823 6.110562e-01 1.052823 6.110562e-01           0.280017           0.457984
     10.000000   3.722553   1.100719        3.881879       16.472381   3.174366   1.361199        3.453906       23.210124    0.043907 5.574575e-01 1.043907 5.574575e-01           0.295689           0.428810